
[Paper0]
Name=自定义大小1
DisplayName=自定义大小1
Width=105
Height=148
MarginTop=2.9986111111111109
MarginBottom=4.9988611380259194
MarginLeft=3.4007778988944155
MarginRight=3.4007778988944155
Orientation=portrait
