start=379.185222
osd-level=3
volume-restore-data=pulse:63.000000:63.000000:0:200.000000
