start=456.760000
volume-restore-data=softvol:42.000000:42.000000:0:200.000000
aid=1
sub-pos=99
