start=1.666633
osd-level=3
volume-restore-data=softvol:50.000000:50.000000:0:200.000000
