start=930.320000
osd-level=3
volume-restore-data=softvol:59.000000:59.000000:0:200.000000
