start=5230.088000
volume-restore-data=softvol:51.000000:51.000000:0:200.000000
panscan=0.500000
aid=1
sid=1
