start=876.304348
osd-level=3
volume-restore-data=softvol:21.000000:21.000000:0:200.000000
