start=1897.243100
osd-level=2
volume-restore-data=pulse:58.000000:58.000000:0:200.000000
